# oST version 5.0 parameters


[image]

width
1280

height
720

[narrow_stereo/left]

camera matrix
531.147736 0.000000 637.871143
0.000000 531.263119 331.274692
0.000000 0.000000 1.000000

distortion
-0.048045 0.010493 -0.000281 -0.001232 0.000000

rectification
0.999902 -0.001641 -0.013929
0.001648 0.999999 0.000465
0.013928 -0.000488 0.999903

projection
529.304038 0.000000 652.767738 0.000000
0.000000 529.304038 335.143497 0.000000
0.000000 0.000000 1.000000 0.000000
# oST version 5.0 parameters


[image]

width
1280

height
720

[narrow_stereo/right]

camera matrix
535.815131 0.000000 636.934121
0.000000 535.740213 335.467413
0.000000 0.000000 1.000000

distortion
-0.060478 0.022892 -0.000155 -0.001697 0.000000

rectification
0.999861 -0.001470 -0.016590
0.001462 0.999999 -0.000488
0.016591 0.000464 0.999862

projection
529.304038 0.000000 652.767738 -63.765901
0.000000 529.304038 335.143497 0.000000
0.000000 0.000000 1.000000 0.000000
