image_width: 1280
image_height: 720
camera_name: narrow_stereo/right
camera_matrix:
  rows: 3
  cols: 3
  data: [ 535.81513,    0.     ,  636.93412,
            0.     ,  535.74021,  335.46741,
            0.     ,    0.     ,    1.     ]
camera_model: plumb_bob
distortion_coefficients:
  rows: 1
  cols: 5
  data: [-0.060478, 0.022892, -0.000155, -0.001697, 0.000000]
rectification_matrix:
  rows: 3
  cols: 3
  data: [ 0.99986129, -0.00147037, -0.01659031,
          0.00146247,  0.99999881, -0.00048824,
          0.016591  ,  0.00046391,  0.99986225]
projection_matrix:
  rows: 3
  cols: 4
  data: [ 529.30404,    0.     ,  652.76774,  -63.7659 ,
            0.     ,  529.30404,  335.1435 ,    0.     ,
            0.     ,    0.     ,    1.     ,    0.     ]
