image_width: 640
image_height: 480
camera_name: narrow_stereo/right
camera_matrix:
  rows: 3
  cols: 3
  data: [ 525.99039,    0.     ,  340.70939,
            0.     ,  525.63732,  228.02584,
            0.     ,    0.     ,    1.     ]
camera_model: plumb_bob
distortion_coefficients:
  rows: 1
  cols: 5
  data: [-0.343215, 0.127761, 0.000122, 0.000103, 0.000000]
rectification_matrix:
  rows: 3
  cols: 3
  data: [ 0.99999147,  0.0015593 ,  0.00382353,
         -0.0015495 ,  0.99999551, -0.00256413,
         -0.00382751,  0.00255818,  0.9999894 ]
projection_matrix:
  rows: 3
  cols: 4
  data: [ 499.92022,    0.     ,  341.28403,   -5.40752,
            0.     ,  499.92022,  234.48903,    0.     ,
            0.     ,    0.     ,    1.     ,    0.     ]
